1
100 4950
1 2 41
1 3 18467
1 4 6334
1 5 26500
1 6 19169
1 7 15724
1 8 11478
1 9 29358
1 10 26962
1 11 24464
1 12 5705
1 13 28145
1 14 23281
1 15 16827
1 16 9961
1 17 491
1 18 2995
1 19 11942
1 20 4827
1 21 5436
1 22 32391
1 23 14604
1 24 3902
1 25 153
1 26 292
1 27 12382
1 28 17421
1 29 18716
1 30 19718
1 31 19895
1 32 5447
1 33 21726
1 34 14771
1 35 11538
1 36 1869
1 37 19912
1 38 25667
1 39 26299
1 40 17035
1 41 9894
1 42 28703
1 43 23811
1 44 31322
1 45 30333
1 46 17673
1 47 4664
1 48 15141
1 49 7711
1 50 28253
1 51 6868
1 52 25547
1 53 27644
1 54 32662
1 55 32757
1 56 20037
1 57 12859
1 58 8723
1 59 9741
1 60 27529
1 61 778
1 62 12316
1 63 3035
1 64 22190
1 65 1842
1 66 288
1 67 30106
1 68 9040
1 69 8942
1 70 19264
1 71 22648
1 72 27446
1 73 23805
1 74 15890
1 75 6729
1 76 24370
1 77 15350
1 78 15006
1 79 31101
1 80 24393
1 81 3548
1 82 19629
1 83 12623
1 84 24084
1 85 19954
1 86 18756
1 87 11840
1 88 4966
1 89 7376
1 90 13931
1 91 26308
1 92 16944
1 93 32439
1 94 24626
1 95 11323
1 96 5537
1 97 21538
1 98 16118
1 99 2082
1 100 22929
2 3 16541
2 4 4833
2 5 31115
2 6 4639
2 7 29658
2 8 22704
2 9 9930
2 10 13977
2 11 2306
2 12 31673
2 13 22386
2 14 5021
2 15 28745
2 16 26924
2 17 19072
2 18 6270
2 19 5829
2 20 26777
2 21 15573
2 22 5097
2 23 16512
2 24 23986
2 25 13290
2 26 9161
2 27 18636
2 28 22355
2 29 24767
2 30 23655
2 31 15574
2 32 4031
2 33 12052
2 34 27350
2 35 1150
2 36 16941
2 37 21724
2 38 13966
2 39 3430
2 40 31107
2 41 30191
2 42 18007
2 43 11337
2 44 15457
2 45 12287
2 46 27753
2 47 10383
2 48 14945
2 49 8909
2 50 32209
2 51 9758
2 52 24221
2 53 18588
2 54 6422
2 55 24946
2 56 27506
2 57 13030
2 58 16413
2 59 29168
2 60 900
2 61 32591
2 62 18762
2 63 1655
2 64 17410
2 65 6359
2 66 27624
2 67 20537
2 68 21548
2 69 6483
2 70 27595
2 71 4041
2 72 3602
2 73 24350
2 74 10291
2 75 30836
2 76 9374
2 77 11020
2 78 4596
2 79 24021
2 80 27348
2 81 23199
2 82 19668
2 83 24484
2 84 8281
2 85 4734
2 86 53
2 87 1999
2 88 26418
2 89 27938
2 90 6900
2 91 3788
2 92 18127
2 93 467
2 94 3728
2 95 14893
2 96 24648
2 97 22483
2 98 17807
2 99 2421
2 100 14310
3 4 6617
3 5 22813
3 6 9514
3 7 14309
3 8 7616
3 9 18935
3 10 17451
3 11 20600
3 12 5249
3 13 16519
3 14 31556
3 15 22798
3 16 30303
3 17 6224
3 18 11008
3 19 5844
3 20 32609
3 21 14989
3 22 32702
3 23 3195
3 24 20485
3 25 3093
3 26 14343
3 27 30523
3 28 1587
3 29 29314
3 30 9503
3 31 7448
3 32 25200
3 33 13458
3 34 6618
3 35 20580
3 36 19796
3 37 14798
3 38 15281
3 39 19589
3 40 20798
3 41 28009
3 42 27157
3 43 20472
3 44 23622
3 45 18538
3 46 12292
3 47 6038
3 48 24179
3 49 18190
3 50 29657
3 51 7958
3 52 6191
3 53 19815
3 54 22888
3 55 19156
3 56 11511
3 57 16202
3 58 2634
3 59 24272
3 60 20055
3 61 20328
3 62 22646
3 63 26362
3 64 4886
3 65 18875
3 66 28433
3 67 29869
3 68 20142
3 69 23844
3 70 1416
3 71 21881
3 72 31998
3 73 10322
3 74 18651
3 75 10021
3 76 5699
3 77 3557
3 78 28476
3 79 27892
3 80 24389
3 81 5075
3 82 10712
3 83 2600
3 84 2510
3 85 21003
3 86 26869
3 87 17861
3 88 14688
3 89 13401
3 90 9789
3 91 15255
3 92 16423
3 93 5002
3 94 10585
3 95 24182
3 96 10285
3 97 27088
3 98 31426
3 99 28617
3 100 23757
4 5 9832
4 6 30932
4 7 4169
4 8 2154
4 9 25721
4 10 17189
4 11 19976
4 12 31329
4 13 2368
4 14 28692
4 15 21425
4 16 10555
4 17 3434
4 18 16549
4 19 7441
4 20 9512
4 21 30145
4 22 18060
4 23 21718
4 24 3753
4 25 16139
4 26 12423
4 27 16279
4 28 25996
4 29 16687
4 30 12529
4 31 22549
4 32 17437
4 33 19866
4 34 12949
4 35 193
4 36 23195
4 37 3297
4 38 20416
4 39 28286
4 40 16105
4 41 24488
4 42 16282
4 43 12455
4 44 25734
4 45 18114
4 46 11701
4 47 31316
4 48 20671
4 49 5786
4 50 12263
4 51 4313
4 52 24355
4 53 31185
4 54 20053
4 55 912
4 56 10808
4 57 1832
4 58 20945
4 59 4313
4 60 27756
4 61 28321
4 62 19558
4 63 23646
4 64 27982
4 65 481
4 66 4144
4 67 23196
4 68 20222
4 69 7129
4 70 2161
4 71 5535
4 72 20450
4 73 11173
4 74 10466
4 75 12044
4 76 21659
4 77 26292
4 78 26439
4 79 17253
4 80 20024
4 81 26154
4 82 29510
4 83 4745
4 84 20649
4 85 13186
4 86 8313
4 87 4474
4 88 28022
4 89 2168
4 90 14018
4 91 18787
4 92 9905
4 93 17958
4 94 7391
4 95 10202
4 96 3625
4 97 26477
4 98 4414
4 99 9314
4 100 25824
5 6 29334
5 7 25874
5 8 24372
5 9 20159
5 10 11833
5 11 28070
5 12 7487
5 13 28297
5 14 7518
5 15 8177
5 16 17773
5 17 32270
5 18 1763
5 19 2668
5 20 17192
5 21 13985
5 22 3102
5 23 8480
5 24 29213
5 25 7627
5 26 4802
5 27 4099
5 28 30527
5 29 2625
5 30 1543
5 31 1924
5 32 11023
5 33 29972
5 34 13061
5 35 14181
5 36 31003
5 37 27432
5 38 17505
5 39 27593
5 40 22725
5 41 13031
5 42 8492
5 43 142
5 44 17222
5 45 31286
5 46 13064
5 47 7900
5 48 19187
5 49 8360
5 50 22413
5 51 30974
5 52 14270
5 53 29170
5 54 235
5 55 30833
5 56 19711
5 57 25760
5 58 18896
5 59 4667
5 60 7285
5 61 12550
5 62 140
5 63 13694
5 64 2695
5 65 21624
5 66 28019
5 67 2125
5 68 26576
5 69 21694
5 70 22658
5 71 26302
5 72 17371
5 73 22466
5 74 4678
5 75 22593
5 76 23851
5 77 25484
5 78 1018
5 79 28464
5 80 21119
5 81 23152
5 82 2800
5 83 18087
5 84 31060
5 85 1926
5 86 9010
5 87 4757
5 88 32170
5 89 20315
5 90 9576
5 91 30227
5 92 12043
5 93 22758
5 94 7164
5 95 5109
5 96 7882
5 97 17086
5 98 29565
5 99 3487
5 100 29577
6 7 14474
6 8 2625
6 9 25627
6 10 5629
6 11 31928
6 12 25423
6 13 28520
6 14 6902
6 15 14962
6 16 123
6 17 24596
6 18 3737
6 19 13261
6 20 10195
6 21 32525
6 22 1264
6 23 8260
6 24 6202
6 25 8116
6 26 5030
6 27 20326
6 28 29011
6 29 30771
6 30 6411
6 31 25547
6 32 21153
6 33 21520
6 34 29790
6 35 14924
6 36 30188
6 37 21763
6 38 4940
6 39 20851
6 40 18662
6 41 13829
6 42 30900
6 43 17713
6 44 18958
6 45 17578
6 46 8365
6 47 13007
6 48 11477
6 49 1200
6 50 26058
6 51 6439
6 52 2303
6 53 12760
6 54 19357
6 55 2324
6 56 6477
6 57 5108
6 58 21113
6 59 14887
6 60 19801
6 61 22850
6 62 14460
6 63 22428
6 64 12993
6 65 27384
6 66 19405
6 67 6540
6 68 31111
6 69 28704
6 70 12835
6 71 32356
6 72 6072
6 73 29350
6 74 18823
6 75 14485
6 76 20556
6 77 23216
6 78 1626
6 79 9357
6 80 8526
6 81 13357
6 82 29337
6 83 23271
6 84 23869
6 85 29361
6 86 12896
6 87 13022
6 88 29617
6 89 10112
6 90 12717
6 91 18696
6 92 11585
6 93 24041
6 94 24423
6 95 24129
6 96 24229
6 97 4565
6 98 6559
6 99 8932
6 100 22296
7 8 29855
7 9 12053
7 10 16962
7 11 3584
7 12 29734
7 13 6654
7 14 16972
7 15 21457
7 16 14369
7 17 22532
7 18 2963
7 19 2607
7 20 2483
7 21 911
7 22 11635
7 23 10067
7 24 22848
7 25 4675
7 26 12938
7 27 2223
7 28 22142
7 29 23754
7 30 6511
7 31 22741
7 32 20175
7 33 21459
7 34 17825
7 35 3221
7 36 17870
7 37 1626
7 38 31934
7 39 15205
7 40 31783
7 41 23850
7 42 17398
7 43 22279
7 44 22701
7 45 12193
7 46 12734
7 47 1637
7 48 26534
7 49 5556
7 50 1993
7 51 10176
7 52 25705
7 53 6962
7 54 10548
7 55 15881
7 56 300
7 57 14413
7 58 16641
7 59 19855
7 60 24855
7 61 13142
7 62 11462
7 63 27611
7 64 30877
7 65 20424
7 66 32678
7 67 1752
7 68 18443
7 69 28296
7 70 12673
7 71 10040
7 72 9313
7 73 875
7 74 20072
7 75 12818
7 76 610
7 77 1017
7 78 14932
7 79 28112
7 80 30695
7 81 13169
7 82 23831
7 83 20040
7 84 26488
7 85 28685
7 86 19090
7 87 19497
7 88 2589
7 89 25990
7 90 15145
7 91 19353
7 92 19314
7 93 18651
7 94 26740
7 95 22044
7 96 11258
7 97 335
7 98 8759
7 99 11192
7 100 7605
8 9 25264
8 10 12181
8 11 28503
8 12 3829
8 13 23775
8 14 20608
8 15 29292
8 16 5997
8 17 17549
8 18 29556
8 19 25561
8 20 31627
8 21 6467
8 22 29541
8 23 26129
8 24 31240
8 25 27813
8 26 29174
8 27 20601
8 28 6077
8 29 20215
8 30 8683
8 31 8213
8 32 23992
8 33 25824
8 34 5601
8 35 23392
8 36 15759
8 37 2670
8 38 26428
8 39 28027
8 40 4084
8 41 10075
8 42 18786
8 43 15498
8 44 24970
8 45 6287
8 46 23847
8 47 32604
8 48 503
8 49 21221
8 50 22663
8 51 5706
8 52 2363
8 53 9010
8 54 22171
8 55 27489
8 56 18240
8 57 12164
8 58 25542
8 59 7619
8 60 20913
8 61 7591
8 62 6704
8 63 31818
8 64 9232
8 65 750
8 66 25205
8 67 4975
8 68 1539
8 69 303
8 70 11422
8 71 21098
8 72 11247
8 73 13584
8 74 13648
8 75 2971
8 76 17864
8 77 22913
8 78 11075
8 79 21545
8 80 28712
8 81 17546
8 82 18678
8 83 1769
8 84 15262
8 85 8519
8 86 13985
8 87 28289
8 88 15944
8 89 2865
8 90 18540
8 91 23245
8 92 25508
8 93 28318
8 94 27870
8 95 9601
8 96 28323
8 97 21132
8 98 24472
8 99 27152
8 100 25087
9 10 28570
9 11 29763
9 12 29901
9 13 17103
9 14 14423
9 15 3527
9 16 11600
9 17 26969
9 18 14015
9 19 5565
9 20 28
9 21 21543
9 22 25347
9 23 2088
9 24 2943
9 25 12637
9 26 22409
9 27 26463
9 28 5049
9 29 4681
9 30 1588
9 31 11342
9 32 608
9 33 32060
9 34 21221
9 35 1758
9 36 29954
9 37 20888
9 38 14146
9 39 690
9 40 7949
9 41 12843
9 42 21430
9 43 25620
9 44 748
9 45 27067
9 46 4536
9 47 20783
9 48 18035
9 49 32226
9 50 15185
9 51 7038
9 52 9853
9 53 25629
9 54 11224
9 55 15748
9 56 19923
9 57 3359
9 58 32257
9 59 24766
9 60 4944
9 61 14955
9 62 23318
9 63 32726
9 64 25411
9 65 21025
9 66 20355
9 67 31001
9 68 22549
9 69 9496
9 70 18584
9 71 9515
9 72 17964
9 73 23342
9 74 8075
9 75 17913
9 76 16142
9 77 31196
9 78 21948
9 79 25072
9 80 20426
9 81 14606
9 82 26173
9 83 24429
9 84 32404
9 85 6705
9 86 20626
9 87 29812
9 88 19375
9 89 30093
9 90 16565
9 91 16036
9 92 14736
9 93 29141
9 94 30814
9 95 5994
9 96 8256
9 97 6652
9 98 23936
9 99 30838
9 100 20482
10 11 1355
10 12 21015
10 13 1131
10 14 18230
10 15 17841
10 16 14625
10 17 2011
10 18 32637
10 19 4186
10 20 19690
10 21 1650
10 22 5662
10 23 21634
10 24 10893
10 25 10353
10 26 21416
10 27 13452
10 28 14008
10 29 7262
10 30 22233
10 31 5454
10 32 16303
10 33 16634
10 34 26303
10 35 14256
10 36 148
10 37 11124
10 38 12317
10 39 4213
10 40 27109
10 41 24028
10 42 29200
10 43 21080
10 44 21318
10 45 16858
10 46 24050
10 47 24155
10 48 31361
10 49 15264
10 50 11903
10 51 3676
10 52 29643
10 53 26909
10 54 14902
10 55 3561
10 56 28489
10 57 24948
10 58 1282
10 59 13653
10 60 30674
10 61 2220
10 62 5402
10 63 6923
10 64 3831
10 65 19369
10 66 3878
10 67 20259
10 68 19008
10 69 22619
10 70 23971
10 71 30003
10 72 21945
10 73 9781
10 74 26504
10 75 12392
10 76 32685
10 77 25313
10 78 6698
10 79 5589
10 80 12722
10 81 5938
10 82 19037
10 83 6410
10 84 31461
10 85 6234
10 86 12508
10 87 9961
10 88 3959
10 89 6493
10 90 1515
10 91 25269
10 92 24937
10 93 28869
10 94 58
10 95 14700
10 96 13971
10 97 26264
10 98 15117
10 99 16215
10 100 24555
11 12 7815
11 13 18330
11 14 3039
11 15 30212
11 16 29288
11 17 28082
11 18 1954
11 19 16085
11 20 20710
11 21 24484
11 22 24774
11 23 8380
11 24 29815
11 25 25951
11 26 6541
11 27 18115
11 28 1679
11 29 17110
11 30 25898
11 31 23073
11 32 788
11 33 23977
11 34 18132
11 35 29956
11 36 28689
11 37 26113
11 38 10008
11 39 12941
11 40 15790
11 41 1723
11 42 21363
11 43 28
11 44 25184
11 45 24778
11 46 7200
11 47 5071
11 48 1885
11 49 21974
11 50 1071
11 51 11333
11 52 22867
11 53 26153
11 54 14295
11 55 32168
11 56 20825
11 57 9676
11 58 15629
11 59 28650
11 60 2598
11 61 3309
11 62 4693
11 63 4686
11 64 30080
11 65 10116
11 66 12249
11 67 26667
11 68 1528
11 69 26679
11 70 7864
11 71 29421
11 72 8405
11 73 8826
11 74 6816
11 75 7516
11 76 27726
11 77 28666
11 78 29087
11 79 27681
11 80 19964
11 81 1340
11 82 5686
11 83 6021
11 84 11662
11 85 14721
11 86 6064
11 87 29309
11 88 20415
11 89 17902
11 90 29873
11 91 17124
11 92 23941
11 93 32745
11 94 31762
11 95 28423
11 96 27531
11 97 4806
11 98 12268
11 99 9318
11 100 5602
12 13 31907
12 14 24307
12 15 23481
12 16 1012
12 17 21136
12 18 26630
12 19 24114
12 20 26809
12 21 4084
12 22 23556
12 23 12290
12 24 21293
12 25 29996
12 26 29152
12 27 1054
12 28 25345
12 29 14708
12 30 248
12 31 7491
12 32 13712
12 33 5131
12 34 30114
12 35 16439
12 36 7958
12 37 24722
12 38 29704
12 39 6995
12 40 1052
12 41 25269
12 42 7479
12 43 18238
12 44 26423
12 45 27918
12 46 10866
12 47 17659
12 48 32498
12 49 28486
12 50 21196
12 51 7462
12 52 26633
12 53 12158
12 54 12022
12 55 1146
12 56 18392
12 57 13037
12 58 3925
12 59 10647
12 60 29458
12 61 6602
12 62 30807
12 63 4098
12 64 27830
12 65 29292
12 66 14600
12 67 7278
12 68 20799
12 69 18352
12 70 20448
12 71 13882
12 72 540
12 73 28315
12 74 4575
12 75 8762
12 76 9567
12 77 22336
12 78 18397
12 79 31418
12 80 19897
12 81 25828
12 82 13851
12 83 26816
12 84 24230
12 85 4449
12 86 16925
12 87 658
12 88 229
12 89 24520
12 90 10940
12 91 29560
12 92 15147
12 93 25162
12 94 1655
12 95 20675
12 96 792
12 97 22361
12 98 31754
12 99 16398
12 100 23146
13 14 8714
13 15 26946
13 16 21188
13 17 19569
13 18 8638
13 19 27663
13 20 15075
13 21 24515
13 22 11521
13 23 475
13 24 15615
13 25 20528
13 26 13234
13 27 12570
13 28 905
13 29 9464
13 30 19557
13 31 28962
13 32 14161
13 33 30524
13 34 12549
13 35 17469
13 36 330
13 37 31923
13 38 28350
13 39 14333
13 40 22925
13 41 10910
13 42 19737
13 43 16336
13 44 18337
13 45 1278
13 46 12393
13 47 7636
13 48 30714
13 49 28164
13 50 31591
13 51 19949
13 52 19135
13 53 2505
13 54 13337
13 55 10004
13 56 16337
13 57 2623
13 58 28664
13 59 9970
13 60 25608
13 61 30568
13 62 19281
13 63 7085
13 64 9152
13 65 18373
13 66 28652
13 67 8194
13 68 9876
13 69 23826
13 70 28396
13 71 7572
13 72 6249
13 73 14640
13 74 29174
13 75 18819
13 76 943
13 77 32611
13 78 1941
13 79 20289
13 80 8419
13 81 5565
13 82 3805
13 83 7585
13 84 16216
13 85 31450
13 86 1615
13 87 2609
13 88 11064
13 89 9166
13 90 16893
13 91 16074
13 92 13509
13 93 30300
13 94 19695
13 95 9573
13 96 15589
13 97 13161
13 98 31172
13 99 17968
13 100 27358
14 15 26031
14 16 26268
14 17 19426
14 18 28510
14 19 10422
14 20 30774
14 21 8779
14 22 30910
14 23 23552
14 24 4182
14 25 25391
14 26 15495
14 27 5764
14 28 874
14 29 1364
14 30 14902
14 31 28255
14 32 4460
14 33 474
14 34 6972
14 35 26821
14 36 26122
14 37 25547
14 38 21577
14 39 9789
14 40 25605
14 41 30195
14 42 27594
14 43 7950
14 44 16343
14 45 754
14 46 2481
14 47 1012
14 48 11672
14 49 23439
14 50 13428
14 51 5912
14 52 9762
14 53 5967
14 54 24408
14 55 4415
14 56 1908
14 57 17223
14 58 11759
14 59 26434
14 60 5204
14 61 29486
14 62 4319
14 63 958
14 64 5945
14 65 26806
14 66 8166
14 67 18700
14 68 11367
14 69 17692
14 70 21787
14 71 28532
14 72 30556
14 73 30974
14 74 3447
14 75 5021
14 76 18283
14 77 26222
14 78 29331
14 79 2376
14 80 28583
14 81 26948
14 82 12723
14 83 17982
14 84 22018
14 85 14776
14 86 9220
14 87 31111
14 88 32182
14 89 23856
14 90 19490
14 91 8925
14 92 4324
14 93 6486
14 94 19677
14 95 15969
14 96 11643
14 97 7534
14 98 15677
14 99 22668
14 100 31068
15 16 21991
15 17 32196
15 18 7783
15 19 16828
15 20 7727
15 21 29426
15 22 15871
15 23 10697
15 24 17612
15 25 18703
15 26 11027
15 27 11408
15 28 5545
15 29 9508
15 30 7185
15 31 30238
15 32 24237
15 33 26443
15 34 21313
15 35 22501
15 36 8850
15 37 25128
15 38 2111
15 39 23650
15 40 28149
15 41 11192
15 42 1454
15 43 15869
15 44 681
15 45 27465
15 46 20267
15 47 17713
15 48 19793
15 49 18634
15 50 25472
15 51 20972
15 52 22830
15 53 24901
15 54 28442
15 55 5177
15 56 13877
15 57 25770
15 58 702
15 59 14364
15 60 1381
15 61 16590
15 62 8823
15 63 2237
15 64 8023
15 65 32179
15 66 16595
15 67 20169
15 68 2327
15 69 12042
15 70 31310
15 71 28182
15 72 11058
15 73 7926
15 74 9487
15 75 1670
15 76 32528
15 77 5651
15 78 2258
15 79 7213
15 80 9860
15 81 25783
15 82 21286
15 83 2742
15 84 8610
15 85 4472
15 86 7128
15 87 18434
15 88 5841
15 89 20718
15 90 3503
15 91 14867
15 92 24865
15 93 10938
15 94 1881
15 95 9257
15 96 22750
15 97 28614
15 98 18598
15 99 28458
15 100 2661
16 17 26063
16 18 32756
16 19 20807
16 20 20278
16 21 19489
16 22 19435
16 23 6365
16 24 32075
16 25 7586
16 26 1386
16 27 7833
16 28 8360
16 29 13330
16 30 26048
16 31 8928
16 32 29492
16 33 12433
16 34 23840
16 35 6766
16 36 1735
16 37 19810
16 38 11599
16 39 11837
16 40 21892
16 41 31982
16 42 7328
16 43 29352
16 44 11369
16 45 31244
16 46 21794
16 47 6608
16 48 9252
16 49 11647
16 50 17432
16 51 9535
16 52 7208
16 53 3264
16 54 3497
16 55 23243
16 56 27649
16 57 22015
16 58 26841
16 59 189
16 60 16100
16 61 19812
16 62 30648
16 63 9523
16 64 19851
16 65 24474
16 66 28633
16 67 29891
16 68 27200
16 69 19854
16 70 9990
16 71 25697
16 72 4919
16 73 17780
16 74 22578
16 75 12931
16 76 32544
16 77 3340
16 78 13487
16 79 899
16 80 22525
16 81 8483
16 82 5538
16 83 7492
16 84 6193
16 85 28252
16 86 25011
16 87 1560
16 88 15834
16 89 1840
16 90 31497
16 91 2785
16 92 18529
16 93 31540
16 94 18805
16 95 28791
16 96 13392
16 97 13210
16 98 13549
16 99 21578
16 100 26979
17 18 30971
17 19 9277
17 20 73
17 21 20193
17 22 1620
17 23 21497
17 24 13826
17 25 31276
17 26 19790
17 27 6582
17 28 13578
17 29 11159
17 30 20418
17 31 26489
17 32 159
17 33 3449
17 34 12924
17 35 9072
17 36 10380
17 37 27008
17 38 27967
17 39 10208
17 40 6477
17 41 18503
17 42 15370
17 43 32607
17 44 14196
17 45 12074
17 46 13722
17 47 12611
17 48 19019
17 49 28761
17 50 11056
17 51 12890
17 52 31163
17 53 16683
17 54 13716
17 55 19932
17 56 25452
17 57 2741
17 58 4954
17 59 6813
17 60 2862
17 61 10396
17 62 15460
17 63 20615
17 64 10904
17 65 2599
17 66 20136
17 67 4680
17 68 9198
17 69 27032
17 70 14387
17 71 32584
17 72 7240
17 73 3517
17 74 17006
17 75 8670
17 76 241
17 77 18882
17 78 25249
17 79 3523
17 80 31758
17 81 12105
17 82 29621
17 83 17095
17 84 7296
17 85 9916
17 86 15678
17 87 10178
17 88 13579
17 89 25058
17 90 27577
17 91 12750
17 92 14007
17 93 23729
17 94 24081
17 95 2995
17 96 2678
17 97 24676
17 98 27753
17 99 20899
17 100 11784
18 19 15565
18 20 3093
18 21 13608
18 22 6172
18 23 11243
18 24 29929
18 25 7514
18 26 10168
18 27 5055
18 28 11191
18 29 5973
18 30 8922
18 31 6748
18 32 5651
18 33 10986
18 34 2144
18 35 16446
18 36 31577
18 37 26517
18 38 14629
18 39 29916
18 40 5874
18 41 15791
18 42 15469
18 43 22912
18 44 8146
18 45 30693
18 46 9091
18 47 9815
18 48 26949
18 49 26857
18 50 20640
18 51 26052
18 52 236
18 53 8551
18 54 9487
18 55 31226
18 56 28162
18 57 16955
18 58 23183
18 59 8394
18 60 30180
18 61 16097
18 62 3065
18 63 27065
18 64 2513
18 65 9261
18 66 12578
18 67 21078
18 68 16878
18 69 14140
18 70 4611
18 71 31947
18 72 2445
18 73 170
18 74 29975
18 75 13489
18 76 24750
18 77 6149
18 78 3333
18 79 13865
18 80 22214
18 81 17282
18 82 27007
18 83 27432
18 84 8896
18 85 16367
18 86 28522
18 87 4882
18 88 31810
18 89 17641
18 90 7231
18 91 2187
18 92 6705
18 93 6479
18 94 6321
18 95 6538
18 96 31351
18 97 19447
18 98 24208
18 99 9646
18 100 22276
19 20 25759
19 21 30189
19 22 30422
19 23 27666
19 24 8486
19 25 3455
19 26 2028
19 27 29614
19 28 4860
19 29 29253
19 30 11777
19 31 31348
19 32 12503
19 33 10861
19 34 22431
19 35 29082
19 36 12455
19 37 14197
19 38 22106
19 39 8752
19 40 15821
19 41 17296
19 42 26281
19 43 26021
19 44 24455
19 45 15947
19 46 27124
19 47 18318
19 48 9135
19 49 11376
19 50 1774
19 51 29859
19 52 24998
19 53 12074
19 54 9253
19 55 6922
19 56 10635
19 57 1643
19 58 28888
19 59 8153
19 60 13232
19 61 4747
19 62 28680
19 63 19926
19 64 25678
19 65 6450
19 66 14801
19 67 24961
19 68 14199
19 69 20855
19 70 26363
19 71 5716
19 72 10573
19 73 31561
19 74 23245
19 75 6473
19 76 28274
19 77 1550
19 78 24353
19 79 1181
19 80 4287
19 81 2699
19 82 18110
19 83 18643
19 84 17465
19 85 7172
19 86 2529
19 87 9981
19 88 2112
19 89 13476
19 90 4381
19 91 8247
19 92 26890
19 93 16671
19 94 8805
19 95 32372
19 96 30032
19 97 3989
19 98 9320
19 99 23165
19 100 15431
20 21 9658
20 22 11293
20 23 17206
20 24 26578
20 25 16948
20 26 2206
20 27 27171
20 28 18166
20 29 3396
20 30 16697
20 31 31020
20 32 23694
20 33 15529
20 34 14788
20 35 30109
20 36 17984
20 37 11969
20 38 28978
20 39 21617
20 40 4015
20 41 16626
20 42 3684
20 43 9168
20 44 17906
20 45 25928
20 46 12097
20 47 28118
20 48 24390
20 49 15199
20 50 11785
20 51 14486
20 52 19199
20 53 12420
20 54 20710
20 55 18271
20 56 15813
20 57 27415
20 58 6085
20 59 318
20 60 3580
20 61 1331
20 62 7267
20 63 8387
20 64 13444
20 65 23186
20 66 14507
20 67 4360
20 68 17827
20 69 28074
20 70 26431
20 71 7152
20 72 30271
20 73 10268
20 74 4693
20 75 19885
20 76 337
20 77 31311
20 78 17604
20 79 12677
20 80 406
20 81 7768
20 82 29022
20 83 19413
20 84 5000
20 85 542
20 86 17537
20 87 30038
20 88 21388
20 89 7355
20 90 13289
20 91 31647
20 92 3181
20 93 13093
20 94 16584
20 95 10987
20 96 10761
20 97 20493
20 98 8217
20 99 9501
20 100 17482
21 22 29447
21 23 15665
21 24 10753
21 25 22104
21 26 15084
21 27 19095
21 28 13525
21 29 30221
21 30 3964
21 31 21781
21 32 4872
21 33 8106
21 34 3656
21 35 3343
21 36 22593
21 37 27080
21 38 16080
21 39 14868
21 40 21411
21 41 13713
21 42 20968
21 43 3251
21 44 27216
21 45 12079
21 46 28768
21 47 17040
21 48 31531
21 49 12933
21 50 23779
21 51 20663
21 52 12259
21 53 26653
21 54 27936
21 55 2095
21 56 24365
21 57 11874
21 58 7720
21 59 26835
21 60 25680
21 61 8976
21 62 18455
21 63 5725
21 64 4071
21 65 24808
21 66 13559
21 67 9156
21 68 5602
21 69 17832
21 70 7905
21 71 10440
21 72 7375
21 73 21562
21 74 22885
21 75 21962
21 76 21080
21 77 1836
21 78 10797
21 79 31202
21 80 10508
21 81 10080
21 82 5340
21 83 12076
21 84 9058
21 85 31493
21 86 7740
21 87 8546
21 88 20474
21 89 24773
21 90 19097
21 91 8880
21 92 23335
21 93 11072
21 94 23400
21 95 707
21 96 22955
21 97 20666
21 98 4141
21 99 23588
21 100 12481
22 23 17168
22 24 28315
22 25 19396
22 26 16225
22 27 1009
22 28 22012
22 29 18136
22 30 11455
22 31 18762
22 32 25043
22 33 742
22 34 21
22 35 17922
22 36 24512
22 37 9248
22 38 26018
22 39 27368
22 40 23717
22 41 9714
22 42 17650
22 43 13290
22 44 3335
22 45 12759
22 46 3169
22 47 21895
22 48 5303
22 49 22640
22 50 21979
22 51 24199
22 52 29105
22 53 24791
22 54 18661
22 55 8681
22 56 3652
22 57 8753
22 58 24033
22 59 32029
22 60 15987
22 61 7042
22 62 26253
22 63 20083
22 64 11420
22 65 15814
22 66 32718
22 67 12244
22 68 31063
22 69 7229
22 70 20652
22 71 18864
22 72 4769
22 73 30470
22 74 15005
22 75 21047
22 76 1594
22 77 21487
22 78 24326
22 79 3276
22 80 21323
22 81 6540
22 82 7679
22 83 23990
22 84 32588
22 85 24710
22 86 29271
22 87 17945
22 88 29221
22 89 28470
22 90 20183
22 91 23589
22 92 23955
22 93 4978
22 94 24779
22 95 5006
22 96 13262
22 97 20135
22 98 23487
22 99 27196
22 100 29033
23 24 2088
23 25 12935
23 26 19779
23 27 15993
23 28 14790
23 29 24962
23 30 18965
23 31 11001
23 32 19105
23 33 11807
23 34 24567
23 35 2669
23 36 3134
23 37 32671
23 38 1457
23 39 12998
23 40 3545
23 41 13597
23 42 14218
23 43 8838
23 44 14844
23 45 7372
23 46 8563
23 47 21028
23 48 29264
23 49 28801
23 50 14723
23 51 13490
23 52 7604
23 53 31601
23 54 24227
23 55 11197
23 56 23692
23 57 19771
23 58 20363
23 59 29301
23 60 22363
23 61 7721
23 62 3565
23 63 17421
23 64 23445
23 65 18610
23 66 495
23 67 16741
23 68 15022
23 69 31812
23 70 29151
23 71 23015
23 72 8055
23 73 3393
23 74 8738
23 75 15279
23 76 19882
23 77 1608
23 78 12654
23 79 3822
23 80 32707
23 81 24245
23 82 1338
23 83 144
23 84 22290
23 85 31339
23 86 23154
23 87 24604
23 88 4623
23 89 22225
23 90 20078
23 91 21724
23 92 31981
23 93 2330
23 94 29733
23 95 28223
23 96 20594
23 97 29130
23 98 18846
23 99 4987
23 100 29445
24 25 18805
24 26 8616
24 27 5750
24 28 20489
24 29 27338
24 30 21963
24 31 28135
24 32 14697
24 33 32209
24 34 21630
24 35 23224
24 36 1908
24 37 26737
24 38 24474
24 39 31920
24 40 27372
24 41 10293
24 42 3855
24 43 6734
24 44 9561
24 45 31056
24 46 27606
24 47 8184
24 48 7075
24 49 28382
24 50 14119
24 51 6741
24 52 30432
24 53 24684
24 54 12779
24 55 12279
24 56 18283
24 57 20667
24 58 30836
24 59 24125
24 60 24118
24 61 12737
24 62 18028
24 63 32119
24 64 20577
24 65 10737
24 66 14091
24 67 20556
24 68 22795
24 69 16060
24 70 21901
24 71 8793
24 72 3432
24 73 2136
24 74 4580
24 75 14875
24 76 5907
24 77 21184
24 78 28074
24 79 8719
24 80 26790
24 81 20476
24 82 30041
24 83 3351
24 84 8329
24 85 16290
24 86 22974
24 87 23072
24 88 3591
24 89 12189
24 90 15787
24 91 31490
24 92 3239
24 93 14893
24 94 3053
24 95 17063
24 96 10681
24 97 25903
24 98 27005
24 99 24176
24 100 18479
25 26 1695
25 27 6139
25 28 32468
25 29 13998
25 30 21083
25 31 23639
25 32 29515
25 33 27621
25 34 29993
25 35 15826
25 36 15722
25 37 23838
25 38 24828
25 39 12581
25 40 24399
25 41 8978
25 42 11891
25 43 1023
25 44 26943
25 45 24834
25 46 14243
25 47 7349
25 48 2702
25 49 8707
25 50 20502
25 51 25141
25 52 10687
25 53 8346
25 54 15891
25 55 24637
25 56 18413
25 57 11400
25 58 22816
25 59 31690
25 60 13162
25 61 8935
25 62 29126
25 63 19410
25 64 19877
25 65 11382
25 66 26260
25 67 27189
25 68 26705
25 69 13874
25 70 2663
25 71 20722
25 72 32195
25 73 22566
25 74 16360
25 75 6038
25 76 18588
25 77 7811
25 78 28245
25 79 9467
25 80 32425
25 81 26867
25 82 13189
25 83 10542
25 84 13063
25 85 21547
25 86 30502
25 87 29617
25 88 9099
25 89 25023
25 90 17226
25 91 31203
25 92 30048
25 93 21051
25 94 1570
25 95 8636
25 96 9458
25 97 25967
25 98 8456
25 99 9405
25 100 11531
26 27 29962
26 28 26819
26 29 7975
26 30 10556
26 31 7531
26 32 31495
26 33 8044
26 34 30591
26 35 26803
26 36 3388
26 37 18915
26 38 7450
26 39 12319
26 40 6272
26 41 25791
26 42 29383
26 43 10133
26 44 1775
26 45 24642
26 46 23569
26 47 18300
26 48 17954
26 49 12078
26 50 3585
26 51 2257
26 52 25333
26 53 893
26 54 10490
26 55 10103
26 56 4750
26 57 17233
26 58 10722
26 59 24271
26 60 19611
26 61 18990
26 62 30338
26 63 21641
26 64 23258
26 65 19047
26 66 2352
26 67 9658
26 68 479
26 69 25302
26 70 32683
26 71 18990
26 72 10002
26 73 15568
26 74 4422
26 75 16895
26 76 6135
26 77 18008
26 78 12361
26 79 16742
26 80 22194
26 81 23699
26 82 23188
26 83 20178
26 84 4042
26 85 31357
26 86 23941
26 87 1847
26 88 7469
26 89 16345
26 90 4380
26 91 31913
26 92 14964
26 93 25710
26 94 20061
26 95 25385
26 96 20073
26 97 27504
26 98 9462
26 99 32703
26 100 28102
27 28 11069
27 29 5154
27 30 3529
27 31 31552
27 32 32074
27 33 19149
27 34 3730
27 35 2244
27 36 10844
27 37 13049
27 38 14118
27 39 24065
27 40 26363
27 41 19552
27 42 28773
27 43 18470
27 44 29731
27 45 6747
27 46 7511
27 47 5869
27 48 14398
27 49 10498
27 50 7103
27 51 27352
27 52 25679
27 53 28053
27 54 13043
27 55 14522
27 56 31088
27 57 1563
27 58 25834
27 59 9850
27 60 17022
27 61 7240
27 62 21911
27 63 9492
27 64 5651
27 65 28580
27 66 15477
27 67 27616
27 68 29876
27 69 19178
27 70 5220
27 71 14615
27 72 22348
27 73 26798
27 74 32179
27 75 31635
27 76 16857
27 77 2883
27 78 1662
27 79 18902
27 80 28262
27 81 19420
27 82 19770
27 83 19022
27 84 9273
27 85 25841
27 86 12686
27 87 28888
27 88 3917
27 89 31717
27 90 1892
27 91 13698
27 92 11267
27 93 11749
27 94 65
27 95 10389
27 96 6932
27 97 25619
27 98 16081
27 99 2003
27 100 29130
28 29 13028
28 30 18631
28 31 14589
28 32 23152
28 33 18630
28 34 19172
28 35 19864
28 36 6407
28 37 12295
28 38 25428
28 39 29681
28 40 18490
28 41 26610
28 42 26177
28 43 31071
28 44 25236
28 45 6459
28 46 20643
28 47 16840
28 48 27633
28 49 27037
28 50 23893
28 51 22630
28 52 20274
28 53 12993
28 54 28782
28 55 32203
28 56 17461
28 57 8290
28 58 19662
28 59 22307
28 60 20997
28 61 31151
28 62 18423
28 63 8890
28 64 16717
28 65 6640
28 66 28703
28 67 5566
28 68 4883
28 69 23661
28 70 22659
28 71 18245
28 72 20386
28 73 32651
28 74 32765
28 75 19601
28 76 16840
28 77 17209
28 78 1497
28 79 27283
28 80 29250
28 81 18058
28 82 8421
28 83 175
28 84 30581
28 85 26787
28 86 3271
28 87 4287
28 88 27999
28 89 12504
28 90 24979
28 91 2138
28 92 10700
28 93 530
28 94 2461
28 95 12118
28 96 205
28 97 7540
28 98 18828
28 99 24459
28 100 11622
29 30 14398
29 31 3760
29 32 27098
29 33 12935
29 34 10481
29 35 30614
29 36 19567
29 37 18493
29 38 28596
29 39 19161
29 40 7746
29 41 10538
29 42 7670
29 43 20538
29 44 21476
29 45 21555
29 46 24917
29 47 16371
29 48 16760
29 49 5752
29 50 13758
29 51 15433
29 52 32255
29 53 29065
29 54 726
29 55 2401
29 56 3034
29 57 12759
29 58 10393
29 59 30548
29 60 27273
29 61 18792
29 62 16193
29 63 12933
29 64 30137
29 65 17103
29 66 3690
29 67 28211
29 68 13694
29 69 24668
29 70 32627
29 71 7498
29 72 989
29 73 15248
29 74 3879
29 75 11647
29 76 11149
29 77 30931
29 78 669
29 79 30875
29 80 25598
29 81 25449
29 82 25436
29 83 24599
29 84 20123
29 85 1443
29 86 1731
29 87 18154
29 88 22861
29 89 4434
29 90 9385
29 91 23967
29 92 10816
29 93 11393
29 94 16704
29 95 29866
29 96 30953
29 97 30308
29 98 28223
29 99 18684
29 100 30792
30 31 22667
30 32 10048
30 33 32469
30 34 13930
30 35 30811
30 36 19814
30 37 16090
30 38 5427
30 39 23743
30 40 1604
30 41 10599
30 42 16474
30 43 7195
30 44 506
30 45 5158
30 46 17589
30 47 9858
30 48 27809
30 49 17889
30 50 11447
30 51 40
30 52 3818
30 53 9364
30 54 17975
30 55 26
30 56 25089
30 57 2503
30 58 30066
30 59 26412
30 60 6840
30 61 12570
30 62 14676
30 63 25395
30 64 28641
30 65 29986
30 66 17651
30 67 21109
30 68 8187
30 69 20083
30 70 21085
30 71 23390
30 72 31250
30 73 18686
30 74 4755
30 75 11381
30 76 28128
30 77 25502
30 78 24277
30 79 30862
30 80 26424
30 81 3565
30 82 3872
30 83 832
30 84 30885
30 85 14428
30 86 6646
30 87 20889
30 88 6478
30 89 10883
30 90 24925
30 91 21265
30 92 31260
30 93 5045
30 94 20778
30 95 5821
30 96 13855
30 97 2520
30 98 12927
30 99 24773
30 100 25134
31 32 27251
31 33 22675
31 34 13336
31 35 16334
31 36 21001
31 37 2737
31 38 9310
31 39 5974
31 40 7590
31 41 20356
31 42 1071
31 43 32080
31 44 10935
31 45 32145
31 46 17282
31 47 1825
31 48 18718
31 49 13573
31 50 4712
31 51 13037
31 52 4998
31 53 9905
31 54 7162
31 55 1717
31 56 8692
31 57 19539
31 58 28047
31 59 10946
31 60 19103
31 61 30231
31 62 24115
31 63 839
31 64 25858
31 65 20829
31 66 2645
31 67 3394
31 68 17199
31 69 19645
31 70 14272
31 71 675
31 72 21862
31 73 32072
31 74 13773
31 75 2480
31 76 11238
31 77 26897
31 78 3542
31 79 29608
31 80 19203
31 81 23277
31 82 6125
31 83 20134
31 84 1401
31 85 9078
31 86 18382
31 87 20169
31 88 20736
31 89 27478
31 90 17939
31 91 21138
31 92 18721
31 93 31426
31 94 10663
31 95 1677
31 96 21575
31 97 6724
31 98 25981
31 99 27700
31 100 7961
32 33 28862
32 34 16002
32 35 18448
32 36 25095
32 37 684
32 38 24016
32 39 15137
32 40 9507
32 41 13993
32 42 21284
32 43 2944
32 44 30259
32 45 821
32 46 7058
32 47 24643
32 48 17668
32 49 10677
32 50 119
32 51 29857
32 52 23041
32 53 8891
32 54 25264
32 55 1623
32 56 6915
32 57 8072
32 58 17929
32 59 841
32 60 4715
32 61 17615
32 62 12536
32 63 14957
32 64 27759
32 65 700
32 66 13452
32 67 5093
32 68 24241
32 69 11829
32 70 12448
32 71 5227
32 72 11798
32 73 16224
32 74 10324
32 75 12274
32 76 18133
32 77 22885
32 78 15038
32 79 12170
32 80 6862
32 81 32629
32 82 5084
32 83 11909
32 84 14878
32 85 6923
32 86 27085
32 87 29400
32 88 23024
32 89 14193
32 90 23105
32 91 9412
32 92 15765
32 93 5767
32 94 15407
32 95 10677
32 96 13784
32 97 704
32 98 14790
32 99 9834
32 100 10891
33 34 621
33 35 18085
33 36 27734
33 37 25190
33 38 20542
33 39 17998
33 40 22086
33 41 32018
33 42 15621
33 43 30424
33 44 22597
33 45 21376
33 46 24254
33 47 29669
33 48 18108
33 49 12927
33 50 12493
33 51 26068
33 52 6366
33 53 9102
33 54 2438
33 55 12600
33 56 10819
33 57 14318
33 58 2290
33 59 14984
33 60 16339
33 61 2556
33 62 25808
33 63 4632
33 64 21478
33 65 26814
33 66 13787
33 67 7239
33 68 28074
33 69 25020
33 70 10827
33 71 2554
33 72 1988
33 73 7441
33 74 16798
33 75 13642
33 76 19002
33 77 16321
33 78 30104
33 79 13946
33 80 7056
33 81 18509
33 82 29833
33 83 17708
33 84 19761
33 85 6533
33 86 20686
33 87 14804
33 88 26385
33 89 10142
33 90 18842
33 91 17260
33 92 22161
33 93 31620
33 94 4343
33 95 9578
33 96 1187
33 97 113
33 98 13063
33 99 4591
33 100 5934
34 35 20415
34 36 656
34 37 29761
34 38 25012
34 39 28411
34 40 11959
34 41 16251
34 42 18738
34 43 13370
34 44 26124
34 45 5507
34 46 8007
34 47 17584
34 48 10951
34 49 23101
34 50 14489
34 51 24958
34 52 15441
34 53 1790
34 54 17013
34 55 30412
34 56 14855
34 57 21060
34 58 7093
34 59 8472
34 60 25402
34 61 32676
34 62 13543
34 63 7373
34 64 6266
34 65 27651
34 66 15275
34 67 21528
34 68 532
34 69 10761
34 70 5469
34 71 32503
34 72 32729
34 73 17107
34 74 27892
34 75 2451
34 76 17953
34 77 28392
34 78 22570
34 79 13519
34 80 19472
34 81 23407
34 82 22494
34 83 9505
34 84 28440
34 85 20383
34 86 14262
34 87 21409
34 88 28607
34 89 18038
34 90 4360
34 91 5471
34 92 11171
34 93 20654
34 94 29947
34 95 11514
34 96 14523
34 97 21229
34 98 489
34 99 6766
34 100 17887
35 36 29756
35 37 26632
35 38 7470
35 39 25739
35 40 20666
35 41 8522
35 42 7283
35 43 8160
35 44 17553
35 45 24705
35 46 27091
35 47 1259
35 48 25386
35 49 31687
35 50 4629
35 51 42
35 52 28317
35 53 22045
35 54 12356
35 55 13388
35 56 25452
35 57 3154
35 58 30466
35 59 11833
35 60 27760
35 61 26919
35 62 25631
35 63 6738
35 64 21267
35 65 25776
35 66 21098
35 67 24314
35 68 16320
35 69 13053
35 70 24007
35 71 16469
35 72 24216
35 73 9722
35 74 19842
35 75 29007
35 76 15463
35 77 26260
35 78 30947
35 79 13793
35 80 28630
35 81 18717
35 82 23043
35 83 31376
35 84 25314
35 85 16626
35 86 17117
35 87 1334
35 88 20620
35 89 14171
35 90 26792
35 91 8964
35 92 19154
35 93 18866
35 94 14693
35 95 30664
35 96 23775
35 97 13000
35 98 12212
35 99 21100
35 100 7551
36 37 25476
36 38 6379
36 39 10943
36 40 17877
36 41 3789
36 42 361
36 43 11385
36 44 8272
36 45 11434
36 46 15144
36 47 29561
36 48 25563
36 49 14504
36 50 12946
36 51 23888
36 52 20308
36 53 12157
36 54 1430
36 55 5123
36 56 6464
36 57 4074
36 58 4346
36 59 13837
36 60 1981
36 61 25318
36 62 26611
36 63 16292
36 64 17591
36 65 3832
36 66 27123
36 67 6461
36 68 16991
36 69 31461
36 70 27330
36 71 28498
36 72 17369
36 73 17291
36 74 8400
36 75 14179
36 76 24117
36 77 2317
36 78 19914
36 79 1595
36 80 1441
36 81 5936
36 82 21867
36 83 7028
36 84 31453
36 85 27909
36 86 13973
36 87 17981
36 88 11503
36 89 26569
36 90 6816
36 91 1883
36 92 25367
36 93 5385
36 94 28402
36 95 5230
36 96 17157
36 97 28681
36 98 15567
36 99 8310
36 100 1866
37 38 3687
37 39 13171
37 40 3477
37 41 31245
37 42 32764
37 43 6238
37 44 27671
37 45 2047
37 46 26115
37 47 4592
37 48 27311
37 49 32657
37 50 1405
37 51 53
37 52 7171
37 53 20580
37 54 22740
37 55 22530
37 56 13675
37 57 24320
37 58 25790
37 59 13377
37 60 10998
37 61 16586
37 62 21604
37 63 4489
37 64 19631
37 65 29744
37 66 8388
37 67 26610
37 68 18718
37 69 26919
37 70 18259
37 71 5927
37 72 14609
37 73 28119
37 74 21479
37 75 22716
37 76 6300
37 77 21396
37 78 16853
37 79 11458
37 80 20830
37 81 24593
37 82 30806
37 83 29849
37 84 14854
37 85 24272
37 86 26160
37 87 12294
37 88 12054
37 89 26333
37 90 146
37 91 4229
37 92 10471
37 93 10428
37 94 10559
37 95 22241
37 96 29421
37 97 22688
37 98 16366
37 99 12033
37 100 26685
38 39 2270
38 40 25329
38 41 32261
38 42 22860
38 43 2208
38 44 8982
38 45 22162
38 46 32506
38 47 6878
38 48 11979
38 49 1897
38 50 7887
38 51 6538
38 52 14469
38 53 30783
38 54 17540
38 55 22795
38 56 7266
38 57 18633
38 58 13509
38 59 24557
38 60 2317
38 61 26134
38 62 32053
38 63 18135
38 64 12258
38 65 2593
38 66 17843
38 67 21693
38 68 16466
38 69 22951
38 70 18140
38 71 11094
38 72 12937
38 73 5174
38 74 2512
38 75 6097
38 76 9551
38 77 2695
38 78 21817
38 79 23492
38 80 21292
38 81 20237
38 82 27530
38 83 613
38 84 25296
38 85 21710
38 86 32389
38 87 5628
38 88 5809
38 89 28786
38 90 31744
38 91 18840
38 92 8182
38 93 28569
38 94 6120
38 95 27393
38 96 6292
38 97 14962
38 98 14214
38 99 12527
38 100 26807
39 40 13194
39 41 8705
39 42 14713
39 43 7011
39 44 18913
39 45 6693
39 46 19664
39 47 26203
39 48 28995
39 49 17762
39 50 14381
39 51 26946
39 52 29909
39 53 1048
39 54 21768
39 55 26624
39 56 22511
39 57 7954
39 58 4235
39 59 1127
39 60 14633
39 61 28240
39 62 1862
39 63 15127
39 64 27577
39 65 23817
39 66 2340
39 67 10142
39 68 15100
39 69 28400
39 70 6558
39 71 21476
39 72 3154
39 73 10935
39 74 16430
39 75 5831
39 76 21295
39 77 3537
39 78 15623
39 79 17922
39 80 2927
39 81 28029
39 82 30211
39 83 16211
39 84 11754
39 85 26880
39 86 12253
39 87 3293
39 88 21321
39 89 20785
39 90 26528
39 91 10443
39 92 31000
39 93 10555
39 94 24671
39 95 9270
39 96 7452
39 97 9375
39 98 14631
39 99 13640
39 100 8934
40 41 18040
40 42 7986
40 43 28834
40 44 14248
40 45 1539
40 46 28765
40 47 12796
40 48 10312
40 49 7262
40 50 25052
40 51 30731
40 52 23987
40 53 24464
40 54 32557
40 55 14248
40 56 29556
40 57 20170
40 58 5450
40 59 27182
40 60 7301
40 61 13293
40 62 24099
40 63 23332
40 64 19044
40 65 32331
40 66 75
40 67 31004
40 68 19050
40 69 15026
40 70 14066
40 71 11738
40 72 19801
40 73 19623
40 74 13843
40 75 441
40 76 3380
40 77 19695
40 78 7918
40 79 3659
40 80 1363
40 81 12628
40 82 6329
40 83 1088
40 84 28854
40 85 8613
40 86 24979
40 87 18569
40 88 666
40 89 7679
40 90 27577
40 91 27837
40 92 3402
40 93 23115
40 94 23292
40 95 1723
40 96 2872
40 97 29448
40 98 30323
40 99 11153
40 100 15948
41 42 24395
41 43 25197
41 44 4508
41 45 22908
41 46 17411
41 47 13993
41 48 7665
41 49 26781
41 50 3202
41 51 17610
41 52 24828
41 53 27256
41 54 27705
41 55 8965
41 56 18023
41 57 20769
41 58 11715
41 59 20253
41 60 31805
41 61 23684
41 62 29478
41 63 32145
41 64 21840
41 65 833
41 66 19285
41 67 26900
41 68 10968
41 69 23994
41 70 16633
41 71 13885
41 72 348
41 73 18281
41 74 18032
41 75 16256
41 76 29910
41 77 10872
41 78 8982
41 79 23901
41 80 12306
41 81 10635
41 82 17860
41 83 32471
41 84 29527
41 85 7137
41 86 8343
41 87 9768
41 88 28233
41 89 3995
41 90 29171
41 91 7603
41 92 28942
41 93 18011
41 94 7879
41 95 31034
41 96 14512
41 97 24593
41 98 530
41 99 14161
41 100 23234
42 43 10258
42 44 21926
42 45 5906
42 46 5191
42 47 14443
42 48 6188
42 49 30227
42 50 32719
42 51 26484
42 52 5224
42 53 19093
42 54 30435
42 55 13224
42 56 28094
42 57 3582
42 58 8867
42 59 8627
42 60 22005
42 61 11146
42 62 32686
42 63 16589
42 64 20540
42 65 18237
42 66 22850
42 67 18759
42 68 9578
42 69 28956
42 70 32677
42 71 2403
42 72 28042
42 73 6300
42 74 15811
42 75 5225
42 76 21143
42 77 21595
42 78 21016
42 79 26615
42 80 28804
42 81 21006
42 82 28368
42 83 31641
42 84 30335
42 85 698
42 86 1325
42 87 28313
42 88 28023
42 89 22312
42 90 24618
42 91 18457
42 92 18396
42 93 8339
42 94 21086
42 95 32094
42 96 7846
42 97 27043
42 98 31522
42 99 12911
42 100 16280
43 44 23455
43 45 26358
43 46 26847
43 47 28870
43 48 990
43 49 3873
43 50 4327
43 51 3413
43 52 3454
43 53 31896
43 54 12472
43 55 24450
43 56 17241
43 57 4641
43 58 5646
43 59 23525
43 60 28213
43 61 16824
43 62 17929
43 63 8695
43 64 25403
43 65 12594
43 66 7993
43 67 26067
43 68 22187
43 69 4640
43 70 25079
43 71 10041
43 72 18125
43 73 12534
43 74 4860
43 75 23000
43 76 4907
43 77 32621
43 78 27692
43 79 25293
43 80 5117
43 81 7717
43 82 20403
43 83 3943
43 84 17893
43 85 10639
43 86 29011
43 87 26925
43 88 24028
43 89 19978
43 90 10748
43 91 2850
43 92 22892
43 93 26444
43 94 10654
43 95 23623
43 96 24353
43 97 12036
43 98 31547
43 99 21346
43 100 826
44 45 16061
44 46 3904
44 47 10238
44 48 17571
44 49 26886
44 50 16405
44 51 5299
44 52 22056
44 53 11728
44 54 1267
44 55 3751
44 56 2019
44 57 19991
44 58 18166
44 59 5717
44 60 25846
44 61 17093
44 62 3187
44 63 1421
44 64 22912
44 65 6867
44 66 28299
44 67 32444
44 68 29897
44 69 1201
44 70 3328
44 71 24942
44 72 7104
44 73 1768
44 74 29768
44 75 26641
44 76 16296
44 77 11262
44 78 10720
44 79 21244
44 80 27918
44 81 9625
44 82 21219
44 83 17584
44 84 18174
44 85 10984
44 86 10459
44 87 13149
44 88 17014
44 89 5695
44 90 12503
44 91 5032
44 92 13851
44 93 1537
44 94 26814
44 95 8363
44 96 4651
44 97 1219
44 98 24290
44 99 25917
44 100 21683
45 46 31918
45 47 26584
45 48 27252
45 49 3586
45 50 31269
45 51 26248
45 52 12137
45 53 2397
45 54 424
45 55 23168
45 56 20027
45 57 28148
45 58 31993
45 59 10382
45 60 29271
45 61 27669
45 62 893
45 63 20877
45 64 1014
45 65 19104
45 66 484
45 67 2943
45 68 11495
45 69 26811
45 70 1293
45 71 28892
45 72 6798
45 73 1990
45 74 11299
45 75 14890
45 76 8493
45 77 29074
45 78 1549
45 79 13774
45 80 9314
45 81 20173
45 82 24069
45 83 29218
45 84 26865
45 85 16833
45 86 15238
45 87 19911
45 88 13252
45 89 6463
45 90 6508
45 91 25149
45 92 23088
45 93 12245
45 94 6231
45 95 31920
45 96 10106
45 97 19271
45 98 12368
45 99 6421
45 100 15258
46 47 4157
46 48 9647
46 49 4982
46 50 18238
46 51 24122
46 52 17723
46 53 906
46 54 18706
46 55 10189
46 56 11156
46 57 30345
46 58 12351
46 59 6923
46 60 7118
46 61 31550
46 62 2097
46 63 11836
46 64 10591
46 65 13406
46 66 4510
46 67 25813
46 68 14651
46 69 25880
46 70 27844
46 71 24743
46 72 7741
46 73 11245
46 74 14578
46 75 4949
46 76 21705
46 77 24514
46 78 19785
46 79 9227
46 80 8624
46 81 17204
46 82 28356
46 83 23917
46 84 6227
46 85 555
46 86 10102
46 87 14286
46 88 19468
46 89 11698
46 90 8979
46 91 21411
46 92 12489
46 93 10758
46 94 13490
46 95 30775
46 96 28410
46 97 17132
46 98 27089
46 99 27296
46 100 11950
47 48 23112
47 49 20122
47 50 12529
47 51 7672
47 52 25836
47 53 18277
47 54 5553
47 55 13976
47 56 10670
47 57 9085
47 58 32652
47 59 1751
47 60 30397
47 61 19751
47 62 29001
47 63 435
47 64 16693
47 65 15072
47 66 17916
47 67 6716
47 68 25328
47 69 1511
47 70 32125
47 71 11838
47 72 27296
47 73 18939
47 74 11544
47 75 1056
47 76 12826
47 77 12902
47 78 26758
47 79 24588
47 80 12021
47 81 22586
47 82 14108
47 83 29777
47 84 12628
47 85 21979
47 86 26947
47 87 12549
47 88 1280
47 89 13245
47 90 25128
47 91 14062
47 92 10426
47 93 4719
47 94 10677
47 95 29091
47 96 4047
47 97 13785
47 98 23231
47 99 7406
47 100 8684
48 49 21954
48 50 16769
48 51 14709
48 52 27956
48 53 22421
48 54 15945
48 55 13465
48 56 16016
48 57 21860
48 58 16497
48 59 18335
48 60 5190
48 61 5677
48 62 28049
48 63 21005
48 64 7886
48 65 23388
48 66 18675
48 67 13143
48 68 17377
48 69 10130
48 70 28487
48 71 26555
48 72 22482
48 73 25253
48 74 15000
48 75 27754
48 76 289
48 77 32488
48 78 25215
48 79 12008
48 80 31310
48 81 940
48 82 27799
48 83 2997
48 84 9707
48 85 8454
48 86 304
48 87 8237
48 88 10485
48 89 12499
48 90 30792
48 91 29613
48 92 32612
48 93 18682
48 94 12983
48 95 15351
48 96 16129
48 97 17137
48 98 5033
48 99 16600
48 100 31864
49 50 23683
49 51 11857
49 52 8968
49 53 1710
49 54 21968
49 55 31708
49 56 2641
49 57 27732
49 58 12437
49 59 11684
49 60 32499
49 61 32701
49 62 29869
49 63 28583
49 64 29256
49 65 19692
49 66 7640
49 67 12087
49 68 15012
49 69 13810
49 70 5820
49 71 14835
49 72 1663
49 73 10615
49 74 25897
49 75 18677
49 76 2774
49 77 10134
49 78 27553
49 79 19533
49 80 28878
49 81 2286
49 82 25624
49 83 2734
49 84 18075
49 85 15349
49 86 30712
49 87 26984
49 88 30624
49 89 27792
49 90 6504
49 91 28822
49 92 4055
49 93 18913
49 94 462
49 95 24473
49 96 20084
49 97 24160
49 98 31122
49 99 26053
49 100 19397
50 51 11822
50 52 19750
50 53 21337
50 54 13917
50 55 4006
50 56 4931
50 57 22197
50 58 27505
50 59 29236
50 60 10357
50 61 6599
50 62 28290
50 63 1898
50 64 985
50 65 21447
50 66 1084
50 67 592
50 68 18725
50 69 8996
50 70 29855
50 71 24828
50 72 15338
50 73 17342
50 74 14428
50 75 29795
50 76 30742
50 77 30037
50 78 5506
50 79 6767
50 80 5053
50 81 9793
50 82 28505
50 83 24146
50 84 3609
50 85 13924
50 86 19854
50 87 29465
50 88 12239
50 89 26206
50 90 24209
50 91 15492
50 92 16499
50 93 18175
50 94 31036
50 95 23061
50 96 13647
50 97 15618
50 98 25013
50 99 26727
50 100 15712
51 52 27896
51 53 21909
51 54 27841
51 55 20130
51 56 9090
51 57 9034
51 58 7915
51 59 6286
51 60 3523
51 61 20666
51 62 1344
51 63 32736
51 64 22037
51 65 5416
51 66 5893
51 67 1949
51 68 30971
51 69 10844
51 70 22777
51 71 19285
51 72 26200
51 73 14590
51 74 10285
51 75 28325
51 76 17118
51 77 25668
51 78 10006
51 79 9729
51 80 24008
51 81 14541
51 82 225
51 83 15536
51 84 11980
51 85 716
51 86 30470
51 87 15384
51 88 28747
51 89 20328
51 90 27936
51 91 6204
51 92 10700
51 93 7523
51 94 26364
51 95 1411
51 96 16040
51 97 250
51 98 11504
51 99 23483
51 100 21766
52 53 16141
52 54 2670
52 55 10845
52 56 10506
52 57 9088
52 58 23256
52 59 25107
52 60 8266
52 61 5857
52 62 22678
52 63 14199
52 64 12674
52 65 14155
52 66 25191
52 67 8990
52 68 29832
52 69 30858
52 70 10996
52 71 8917
52 72 28290
52 73 3967
52 74 1707
52 75 8234
52 76 28246
52 77 11462
52 78 19402
52 79 8239
52 80 3426
52 81 19095
52 82 30906
52 83 8314
52 84 10350
52 85 4586
52 86 5279
52 87 17776
52 88 25822
52 89 6879
52 90 32301
52 91 15812
52 92 5676
52 93 3164
52 94 7357
52 95 32570
52 96 6038
52 97 24312
52 98 10144
52 99 16561
52 100 28180
53 54 18200
53 55 30643
53 56 21856
53 57 18061
53 58 2647
53 59 5939
53 60 19808
53 61 9290
53 62 17452
53 63 979
53 64 32618
53 65 21419
53 66 24007
53 67 22284
53 68 24547
53 69 29977
53 70 15675
53 71 18613
53 72 18709
53 73 13371
53 74 28642
53 75 16339
53 76 6336
53 77 32621
53 78 21501
53 79 26034
53 80 18129
53 81 21358
53 82 1436
53 83 28469
53 84 22897
53 85 28504
53 86 4798
53 87 4202
53 88 23105
53 89 1238
53 90 15032
53 91 20065
53 92 12516
53 93 14481
53 94 15579
53 95 9023
53 96 1727
53 97 1771
53 98 31313
53 99 10382
53 100 6140
54 55 24816
54 56 28488
54 57 15319
54 58 5589
54 59 5513
54 60 18259
54 61 20851
54 62 32271
54 63 23283
54 64 4364
54 65 27038
54 66 3012
54 67 3184
54 68 21759
54 69 23501
54 70 9574
54 71 28733
54 72 5059
54 73 27714
54 74 27649
54 75 6595
54 76 28522
54 77 24541
54 78 20416
54 79 15377
54 80 1052
54 81 565
54 82 19891
54 83 138
54 84 13310
54 85 20967
54 86 15055
54 87 13787
54 88 27224
54 89 18222
54 90 16439
54 91 27441
54 92 6648
54 93 26804
54 94 27834
54 95 19368
54 96 31441
54 97 8872
54 98 32668
54 99 19974
54 100 19176
55 56 5137
55 57 20633
55 58 3241
55 59 5745
55 60 18018
55 61 31015
55 62 22974
55 63 19252
55 64 846
55 65 8956
55 66 25524
55 67 6966
55 68 15581
55 69 8144
55 70 32240
55 71 29334
55 72 15296
55 73 11876
55 74 25027
55 75 1205
55 76 2018
55 77 4291
55 78 31641
55 79 13465
55 80 16191
55 81 22471
55 82 6259
55 83 23700
55 84 20217
55 85 2016
55 86 1943
55 87 14624
55 88 17064
55 89 31505
55 90 1157
55 91 31502
55 92 7666
55 93 9275
55 94 32046
55 95 17632
55 96 29789
55 97 6046
55 98 2145
55 99 6003
55 100 13152
56 57 31901
56 58 8326
56 59 29153
56 60 21184
56 61 19649
56 62 30350
56 63 10405
56 64 24346
56 65 1025
56 66 28970
56 67 14336
56 68 4795
56 69 9793
56 70 11323
56 71 5532
56 72 28856
56 73 15896
56 74 3210
56 75 17776
56 76 5692
56 77 14550
56 78 15290
56 79 13795
56 80 13852
56 81 17350
56 82 8315
56 83 10036
56 84 29361
56 85 3760
56 86 9984
56 87 8729
56 88 2534
56 89 6050
56 90 28082
56 91 16806
56 92 1936
56 93 25584
56 94 10790
56 95 21617
56 96 29182
56 97 19066
56 98 23116
56 99 6388
56 100 9425
57 58 13101
57 59 5610
57 60 6450
57 61 19982
57 62 28621
57 63 5193
57 64 27038
57 65 16754
57 66 4593
57 67 14895
57 68 20280
57 69 5638
57 70 25167
57 71 17420
57 72 4345
57 73 16883
57 74 23865
57 75 24696
57 76 30833
57 77 10390
57 78 22632
57 79 20189
57 80 17839
57 81 20183
57 82 13817
57 83 22129
57 84 6753
57 85 10679
57 86 18613
57 87 10600
57 88 8252
57 89 15145
57 90 19861
57 91 2151
57 92 28318
57 93 28963
57 94 7813
57 95 14907
57 96 29554
57 97 31476
57 98 617
57 99 11211
57 100 25429
58 59 2264
58 60 15966
58 61 19531
58 62 29942
58 63 10698
58 64 19522
58 65 31155
58 66 27587
58 67 15257
58 68 23158
58 69 4464
58 70 13762
58 71 8510
58 72 30946
58 73 31065
58 74 8380
58 75 13165
58 76 5946
58 77 13540
58 78 27297
58 79 8042
58 80 14464
58 81 23194
58 82 12584
58 83 10270
58 84 32715
58 85 32200
58 86 1206
58 87 32106
58 88 31302
58 89 24696
58 90 8833
58 91 7611
58 92 19067
58 93 415
58 94 6645
58 95 30175
58 96 6354
58 97 23448
58 98 24919
58 99 13079
58 100 27988
59 60 26321
59 61 7592
59 62 31597
59 63 22197
59 64 13509
59 65 8652
59 66 71
59 67 658
59 68 14122
59 69 26859
59 70 7997
59 71 10999
59 72 1899
59 73 4120
59 74 1320
59 75 32036
59 76 16984
59 77 4912
59 78 1915
59 79 23953
59 80 19485
59 81 20741
59 82 10199
59 83 11567
59 84 4208
59 85 6844
59 86 30169
59 87 29681
59 88 4879
59 89 21108
59 90 17207
59 91 5259
59 92 25706
59 93 23849
59 94 24075
59 95 28026
59 96 20124
59 97 27607
59 98 17774
59 99 2884
59 100 20128
60 61 24546
60 62 3145
60 63 20481
60 64 11714
60 65 20149
60 66 24168
60 67 13338
60 68 20307
60 69 26793
60 70 23504
60 71 1105
60 72 1697
60 73 18217
60 74 15955
60 75 16641
60 76 2343
60 77 26133
60 78 32097
60 79 679
60 80 20736
60 81 19555
60 82 25633
60 83 1954
60 84 930
60 85 10252
60 86 19904
60 87 20279
60 88 12488
60 89 24870
60 90 31754
60 91 26072
60 92 32176
60 93 26701
60 94 15415
60 95 18086
60 96 4231
60 97 17480
60 98 19975
60 99 30260
60 100 20514
61 62 8938
61 63 16657
61 64 14990
61 65 19438
61 66 28981
61 67 15447
61 68 5242
61 69 24618
61 70 16070
61 71 25631
61 72 24061
61 73 27219
61 74 28781
61 75 20990
61 76 12833
61 77 8672
61 78 1563
61 79 21302
61 80 502
61 81 26928
61 82 30721
61 83 24898
61 84 31447
61 85 10945
61 86 28406
61 87 2222
61 88 8686
61 89 5794
61 90 23577
61 91 12844
61 92 18683
61 93 21547
61 94 13240
61 95 485
61 96 16464
61 97 31723
61 98 20337
61 99 16653
61 100 27168
62 63 28130
62 64 15255
62 65 1466
62 66 4858
62 67 22512
62 68 29656
62 69 3318
62 70 13201
62 71 142
62 72 21276
62 73 31506
62 74 32702
62 75 10684
62 76 15023
62 77 30270
62 78 26312
62 79 8250
62 80 13475
62 81 20311
62 82 26850
62 83 19195
62 84 5488
62 85 11520
62 86 26101
62 87 20183
62 88 24798
62 89 27892
62 90 18848
62 91 6784
62 92 30245
62 93 12187
62 94 14462
62 95 28343
62 96 18258
62 97 16859
62 98 8871
62 99 14016
62 100 8172
63 64 22832
63 65 24441
63 66 17683
63 67 16088
63 68 22015
63 69 13976
63 70 18516
63 71 18298
63 72 39
63 73 31283
63 74 3205
63 75 19997
63 76 29146
63 77 5769
63 78 23675
63 79 917
63 80 9387
63 81 15020
63 82 6030
63 83 17442
63 84 21735
63 85 32389
63 86 20373
63 87 3480
63 88 12073
63 89 10777
63 90 786
63 91 8381
63 92 31785
63 93 522
63 94 18345
63 95 20979
63 96 16085
63 97 15713
63 98 30935
63 99 19735
63 100 30883
64 65 2186
64 66 16096
64 67 20648
64 68 2085
64 69 14752
64 70 521
64 71 9260
64 72 21982
64 73 6636
64 74 7688
64 75 19919
64 76 17236
64 77 26792
64 78 27065
64 79 19278
64 80 4198
64 81 31496
64 82 26386
64 83 21011
64 84 10976
64 85 7547
64 86 12121
64 87 23202
64 88 7245
64 89 6702
64 90 28564
64 91 31539
64 92 2572
64 93 2257
64 94 2370
64 95 21920
64 96 31654
64 97 19359
64 98 11080
64 99 7298
64 100 23391
65 66 23960
65 67 30510
65 68 29591
65 69 25867
65 70 22033
65 71 1675
65 72 12136
65 73 30499
65 74 17775
65 75 25790
65 76 14376
65 77 31256
65 78 20272
65 79 20703
65 80 5086
65 81 20967
65 82 9515
65 83 23542
65 84 23495
65 85 3566
65 86 18456
65 87 14186
65 88 8437
65 89 19198
65 90 12626
65 91 18364
65 92 1085
65 93 31665
65 94 18908
65 95 20340
65 96 1360
65 97 2814
65 98 21154
65 99 18012
65 100 19752
66 67 3338
66 68 8706
66 69 12525
66 70 30630
66 71 29249
66 72 23179
66 73 3079
66 74 8313
66 75 28838
66 76 32517
66 77 8421
66 78 14145
66 79 5991
66 80 1969
66 81 21839
66 82 24308
66 83 16565
66 84 23762
66 85 19473
66 86 23681
66 87 21970
66 88 23147
66 89 27053
66 90 22708
66 91 6508
66 92 16715
66 93 4429
66 94 31066
66 95 27689
66 96 14663
66 97 11771
66 98 5541
66 99 16259
66 100 18631
67 68 23572
67 69 2514
67 70 10966
67 71 25988
67 72 18170
67 73 28168
67 74 22199
67 75 655
67 76 3850
67 77 13444
67 78 12936
67 79 16278
67 80 19406
67 81 29427
67 82 10313
67 83 7523
67 84 32371
67 85 23327
67 86 17073
67 87 23461
67 88 2173
67 89 9934
67 90 31102
67 91 25587
67 92 31417
67 93 31463
67 94 6153
67 95 26126
67 96 20595
67 97 1495
67 98 29213
67 99 2406
67 100 27370
68 69 23859
68 70 23305
68 71 22496
68 72 24833
68 73 24223
68 74 4852
68 75 17879
68 76 30519
68 77 6126
68 78 7793
68 79 31585
68 80 21465
68 81 31371
68 82 15444
68 83 17107
68 84 17271
68 85 24087
68 86 28099
68 87 16519
68 88 8596
68 89 5715
68 90 17552
68 91 22492
68 92 14753
68 93 8257
68 94 27590
68 95 24959
68 96 13357
68 97 10886
68 98 7809
68 99 5865
68 100 25686
69 70 32019
69 71 259
69 72 22313
69 73 2435
69 74 1028
69 75 4101
69 76 10468
69 77 22869
69 78 456
69 79 6731
69 80 7578
69 81 26074
69 82 11395
69 83 30843
69 84 31274
69 85 13316
69 86 15024
69 87 30511
69 88 18585
69 89 5722
69 90 8971
69 91 10057
69 92 14095
69 93 8174
69 94 5038
69 95 2183
69 96 26658
69 97 17295
69 98 25722
69 99 16983
69 100 6231
70 71 29503
70 72 2232
70 73 24300
70 74 15590
70 75 21480
70 76 17408
70 77 15505
70 78 32702
70 79 22858
70 80 9818
70 81 10557
70 82 15561
70 83 24120
70 84 5028
70 85 23656
70 86 25713
70 87 3332
70 88 23092
70 89 17182
70 90 26467
70 91 11320
70 92 7358
70 93 21074
70 94 3987
70 95 9094
70 96 4983
70 97 21364
70 98 27264
70 99 19714
70 100 26746
71 72 24390
71 73 10425
71 74 26255
71 75 13163
71 76 31467
71 77 5792
71 78 14231
71 79 22619
71 80 2880
71 81 4718
71 82 16128
71 83 19948
71 84 4720
71 85 9079
71 86 32091
71 87 3766
71 88 27587
71 89 5808
71 90 12126
71 91 14825
71 92 31159
71 93 17518
71 94 3220
71 95 10035
71 96 31314
71 97 25456
71 98 24147
71 99 29156
71 100 30134
72 73 3360
72 74 751
72 75 16208
72 76 31478
72 77 22294
72 78 12589
72 79 17524
72 80 7976
72 81 9694
72 82 4090
72 83 20189
72 84 29372
72 85 7419
72 86 30301
72 87 21702
72 88 24844
72 89 20523
72 90 26539
72 91 20609
72 92 11827
72 93 6637
72 94 8186
72 95 27416
72 96 1827
72 97 15169
72 98 17623
72 99 14899
72 100 22514
73 74 10415
73 75 3644
73 76 5436
73 77 23669
73 78 10378
73 79 31676
73 80 17858
73 81 7952
73 82 9846
73 83 27137
73 84 5915
73 85 22988
73 86 24616
73 87 7288
73 88 2382
73 89 28074
73 90 20333
73 91 3915
73 92 11056
73 93 25656
73 94 30062
73 95 9616
73 96 24524
73 97 12129
73 98 27442
73 99 1984
73 100 4872
74 75 7049
74 76 23396
74 77 18026
74 78 8582
74 79 10202
74 80 18775
74 81 5416
74 82 30665
74 83 14552
74 84 18759
74 85 12755
74 86 11417
74 87 22844
74 88 3554
74 89 19443
74 90 6824
74 91 31999
74 92 28422
74 93 121
74 94 15733
74 95 31413
74 96 19917
74 97 15793
74 98 21873
74 99 12060
74 100 31175
75 76 9074
75 77 5985
75 78 32501
75 79 31622
75 80 13208
75 81 27395
75 82 11026
75 83 26720
75 84 26291
75 85 31988
75 86 10929
75 87 9072
75 88 30977
75 89 10193
75 90 8
75 91 12254
75 92 922
75 93 30876
75 94 15137
75 95 30816
75 96 13803
75 97 21090
75 98 7912
75 99 12289
75 100 17253
76 77 29979
76 78 7299
76 79 12322
76 80 22902
76 81 27602
76 82 6369
76 83 30654
76 84 12729
76 85 9734
76 86 12438
76 87 12274
76 88 5226
76 89 16463
76 90 28134
76 91 22972
76 92 24348
76 93 16453
76 94 9503
76 95 2307
76 96 25518
76 97 18333
76 98 27437
76 99 20695
76 100 13179
77 78 661
77 79 23144
77 80 17659
77 81 10961
77 82 21907
77 83 6576
77 84 13472
77 85 20645
77 86 3592
77 87 22972
77 88 628
77 89 24196
77 90 6811
77 91 15535
77 92 15835
77 93 1229
77 94 3716
77 95 23532
77 96 24956
77 97 16158
77 98 29749
77 99 24620
77 100 23296
78 79 19724
78 80 13120
78 81 24526
78 82 16406
78 83 8983
78 84 3445
78 85 30574
78 86 21691
78 87 26588
78 88 30538
78 89 20664
78 90 18104
78 91 20877
78 92 20353
78 93 2942
78 94 17004
78 95 30623
78 96 14852
78 97 15625
78 98 17611
78 99 27842
78 100 8724
79 80 31149
79 81 20135
79 82 13590
79 83 10146
79 84 7328
79 85 23855
79 86 27804
79 87 31741
79 88 16909
79 89 19381
79 90 12779
79 91 29102
79 92 10083
79 93 692
79 94 10532
79 95 17312
79 96 26099
79 97 6161
79 98 11047
79 99 22405
79 100 15290
80 81 17569
80 82 29959
80 83 32628
80 84 22139
80 85 21228
80 86 27580
80 87 32471
80 88 21778
80 89 27440
80 90 18456
80 91 22148
80 92 29444
80 93 24745
80 94 16125
80 95 7210
80 96 4698
80 97 25616
80 98 31180
80 99 24815
80 100 6064
81 82 16226
81 83 29472
81 84 27479
81 85 19593
81 86 32482
81 87 3005
81 88 18536
81 89 15333
81 90 11105
81 91 27587
81 92 30732
81 93 15638
81 94 31165
81 95 1064
81 96 14518
81 97 8399
81 98 5032
81 99 17508
81 100 13896
82 83 13438
82 84 23978
82 85 22638
82 86 8245
82 87 4059
82 88 24169
82 89 744
82 90 27362
82 91 24769
82 92 11049
82 93 26518
82 94 16467
82 95 10558
82 96 32143
82 97 23061
82 98 25603
82 99 9190
82 100 22186
83 84 1226
83 85 3603
83 86 17004
83 87 21300
83 88 31768
83 89 423
83 90 31347
83 91 5396
83 92 4566
83 93 25230
83 94 21665
83 95 26152
83 96 32000
83 97 3617
83 98 29173
83 99 30786
83 100 10668
84 85 31597
84 86 31579
84 87 26224
84 88 17728
84 89 26260
84 90 12158
84 91 23425
84 92 23267
84 93 19312
84 94 734
84 95 452
84 96 5169
84 97 29562
84 98 1570
84 99 8211
84 100 29235
85 86 6890
85 87 1711
85 88 2064
85 89 4750
85 90 28960
85 91 7545
85 92 14767
85 93 21754
85 94 30787
85 95 8217
85 96 24565
85 97 29942
85 98 2088
85 99 10273
85 100 2815
86 87 27579
86 88 30837
86 89 9388
86 90 19269
86 91 11886
86 92 13830
86 93 10809
86 94 4640
86 95 7321
86 96 18319
86 97 29881
86 98 31626
86 99 13020
86 100 1411
87 88 20454
87 89 25893
87 90 21984
87 91 2357
87 92 22999
87 93 30336
87 94 18829
87 95 5950
87 96 21457
87 97 32405
87 98 10365
87 99 2334
87 100 30049
88 89 19094
88 90 28592
88 91 31270
88 92 30119
88 93 23017
88 94 29313
88 95 15253
88 96 16117
88 97 4977
88 98 19160
88 99 21505
88 100 153
89 90 24591
89 91 6562
89 92 3576
89 93 4854
89 94 20072
89 95 11134
89 96 23016
89 97 25050
89 98 9193
89 99 21945
89 100 1852
90 91 20747
90 92 32521
90 93 8061
90 94 6344
90 95 20259
90 96 28366
90 97 2885
90 98 14439
90 99 2718
90 100 9107
91 92 5268
91 93 3554
91 94 32050
91 95 7432
91 96 13799
91 97 32020
91 98 16735
91 99 31098
91 100 2792
92 93 3916
92 94 26182
92 95 19029
92 96 25316
92 97 3059
92 98 13758
92 99 4583
92 100 22399
93 94 1135
93 95 8357
93 96 20070
93 97 15271
93 98 22342
93 99 17780
93 100 13877
94 95 30406
94 96 28295
94 97 17686
94 98 2403
94 99 8252
94 100 15718
95 96 23035
95 97 7285
95 98 28428
95 99 16678
95 100 25960
96 97 101
96 98 20949
96 99 2364
96 100 26385
97 98 27626
97 99 17157
97 100 2737
98 99 4841
98 100 18938
99 100 11593
